Giorni,Gen
0,47722.65000000
1,47286.18000000
2,46446.10000000
3,45832.01000000
4,43451.13000000
5,43082.31000000
6,41566.48000000
7,41679.74000000
8,41864.62000000
9,41822.49000000
10,42729.29000000
11,43902.66000000
12,42560.11000000
13,43059.96000000
14,43084.29000000
15,43071.66000000
16,42201.62000000
17,42352.12000000
18,41660.01000000
19,40680.91000000
20,36445.31000000
21,35071.42000000
22,36244.55000000
23,36660.35000000
24,36958.32000000
25,36809.34000000
26,37160.10000000
27,37716.56000000
28,38166.84000000
29,37881.76000000
30,38466.90000000
